00400000    00111100000000010001000000000001
00400004    10001100001100000000000000000000
00400008    00100010000100000000000000000001
0040000c    00100000000010000000000000000001
00400010    00100000000010010000000000000010
00400014    00000000000010010101000000100000
00400018    00000000000000000101100000100000
0040001c    00000001011010000101100000100000
00400020    00100001010010101111111111111111
00400024    00010101010000001111111111111101
00400028    00000000000010110100000000100000
0040002c    00100001001010010000000000000001
00400030    00010101001100001111111111111000
00400034    00000000000010001000100000100000
00400038    00111100000000010001000000000001
0040003c    10101100001100010000000000000100
10010000    00000000000000000000000000000101
10010004    00000000000000000000000000000000