00400000    00111100000000010001000000000001
00400004    00110100001010000000000000000000
00400008    00111100000000010001000000000001
0040000c    10001100001010010000000000100100
00400010    00100100000010100000000000000000
00400014    00111100000000010001000000000001
00400018    00110100001010000000000000000000
0040001c    00000001010010010000100000101010
00400020    00010000001000000000000000010101
00400024    00000000000010100101100000100001
00400028    00111100000000010001000000000001
0040002c    00110100001010000000000000000000
00400030    00100000000011010000000000000000
00400034    00000001011010110110100000100000
00400038    00000001101011010110100000100000
0040003c    00000001000011010100000000100000
00400040    00000000000010110000100000101010
00400044    00010000001000000000000000001010
00400048    10001101000011110000000000000000
0040004c    10001101000011101111111111111100
00400050    00000001111011100000100000101010
00400054    00010000001000000000000000000110
00400058    10001101000011000000000000000000
0040005c    10101101000011100000000000000000
00400060    10101101000011001111111111111100
00400064    00100000000000010000000000000001
00400068    00000001011000010101100000100010
0040006c    00001000000100000000000000001010
00400070    00100001010010100000000000000001
00400074    00001000000100000000000000000101
00400078    00100100000000100000000000001010
10010000    11111111111111111111111111111110
10010004    00000000000000000000000000000001
10010008    00000000000000000000000000000000
1001000c    00000000000000000000000000000011
10010010    00000000000000000000000000000010
10010014    11111111111111111111111111111000
10010018    00000000000000000000000000000110
1001001c    00000000000000000000000000001010
10010020    00000000000000000000000000001001
10010024    00000000000000000000000000001001