00400000    00111100000000010001000000000001
00400004    00110100001010000000000000000000
00400008    00111100000000010001000000000001
0040000c    10001100001010010000000000011000
00400010    00111100000000010001000000000001
00400014    10001100001011010000000000011100
00400018    00100100000010101111111111111111
0040001c    00100100000010110000000000000000
00400020    00000001011011010000100000101010
00400024    00010000001000000000000000000111
00400028    10001101000011000000000000000000
0040002c    00010001100010010000000000000011
00400030    00100001000010000000000000000100
00400034    00100001011010110000000000000001
00400038    00001000000100000000000000001000
0040003c    00000000000010110101000000100001
00400040    00001000000100000000000000010001
00400044    00100100000000100000000000001010
00400048    00111100000000010001000000000001
0040004c    10101100001010100000000000100000
10010000    00000000000000000000000000000001
10010004    00000000000000000000000000000100
10010008    00000000000000000000000000000011
1001000c    00000000000000000000000000000010
10010010    00000000000000000000000000000111
10010014    00000000000000000000000000000110
10010018    00000000000000000000000000000111
1001001c    00000000000000000000000000000110
10010020    00000000000000000000000000000000